vb = 3.3;
sc1 = 0.350;
sc2 = 0.350;
rb = 0.010;
lb = 33e-6;
c1 = 220e-6;
c2 = 220e-6;
lr = 1.7e-6;
w = 2*pi*20e3;